Date,NO2,CO,PM25,OZONE,PM10,NO,new_deaths,7_day_avg_new_deaths
2020-01-26,0.02,0.493,47.3,0.04,50.5,0.005,0.0,0.0
2020-01-27,0.042,0.8220000000000001,24.6,0.040999999999999995,40.8,0.071,0.0,0.0
2020-01-28,0.042,0.737,14.9,0.042,27.8,0.083,0.0,0.0
2020-01-29,0.031,0.732,11.0,0.042,44.7,0.037000000000000005,0.0,0.0
2020-01-30,0.043,1.046,16.2,0.038,42.0,0.094,0.0,0.0
2020-01-31,0.044000000000000004,1.3019999999999998,20.0,0.035,38.3,0.111,0.0,0.0
2020-02-01,0.031,1.105,16.2,0.04,28.9,0.057999999999999996,0.0,0.0
2020-02-02,0.019,0.992,20.6,0.04,28.3,0.042,0.0,0.0
2020-02-03,0.022000000000000002,0.395,6.3,0.048,32.4,0.026000000000000002,0.0,0.0
2020-02-04,0.036000000000000004,0.669,7.5,0.042,37.5,0.03,0.0,0.0
2020-02-05,0.039,0.904,12.5,0.03,26.7,0.076,0.0,0.0
2020-02-06,0.036000000000000004,0.907,17.5,0.022000000000000002,35.0,0.057999999999999996,0.0,0.0
2020-02-07,0.04,1.015,24.1,0.024,40.7,0.066,0.0,0.0
2020-02-08,0.026000000000000002,0.818,27.3,0.034,42.3,0.031,0.0,0.0
2020-02-09,0.013999999999999999,0.401,14.3,0.040999999999999995,21.6,0.002,0.0,0.0
2020-02-10,0.031,0.568,10.1,0.043,27.7,0.027999999999999997,0.0,0.0
2020-02-11,0.027999999999999997,0.644,10.8,0.037000000000000005,38.3,0.033,0.0,0.0
2020-02-12,0.027000000000000003,0.6509999999999999,12.7,0.036000000000000004,43.6,0.026000000000000002,0.0,0.0
2020-02-13,0.034,0.628,17.5,0.032,46.6,0.06,0.0,0.0
2020-02-14,0.033,0.85,19.4,0.033,46.8,0.048,0.0,0.0
2020-02-15,0.027000000000000003,0.748,22.8,0.039,41.8,0.022000000000000002,0.0,0.0
2020-02-16,0.023,0.672,23.3,0.044000000000000004,38.0,0.013999999999999999,0.0,0.0
2020-02-17,0.027000000000000003,0.684,22.3,0.043,41.9,0.015,0.0,0.0
2020-02-18,0.027000000000000003,0.805,23.4,0.034,44.8,0.016,0.0,0.0
2020-02-19,0.024,0.507,27.4,0.037000000000000005,49.5,0.02,0.0,0.0
2020-02-20,0.038,0.7559999999999999,25.1,0.04,43.6,0.047,0.0,0.0
2020-02-21,0.025,0.672,21.2,0.044000000000000004,34.4,0.028999999999999998,0.0,0.0
2020-02-22,0.009000000000000001,0.36200000000000004,8.3,0.038,17.1,0.003,0.0,0.0
2020-02-23,0.013000000000000001,0.45799999999999996,13.4,0.039,25.5,0.006999999999999999,0.0,0.0
2020-02-24,0.027000000000000003,0.653,17.3,0.032,37.8,0.039,0.0,0.0
2020-02-25,0.037000000000000005,1.0270000000000001,17.0,0.037000000000000005,37.3,0.059000000000000004,0.0,0.0
2020-02-26,0.038,0.728,12.3,0.037000000000000005,37.8,0.064,0.0,0.0
2020-02-27,0.044000000000000004,0.784,14.9,0.035,35.8,0.076,0.0,0.0
2020-02-28,0.027000000000000003,0.584,11.1,0.035,28.1,0.044000000000000004,0.0,0.0
2020-02-29,0.019,0.46399999999999997,12.0,0.037000000000000005,26.8,0.012,0.0,0.0
2020-03-01,0.006999999999999999,0.33899999999999997,11.1,0.045,24.2,0.002,0.0,0.0
2020-03-02,0.022000000000000002,0.43200000000000005,8.4,0.043,26.0,0.027000000000000003,0.0,0.0
2020-03-03,0.028999999999999998,0.5479999999999999,9.4,0.038,27.8,0.032,0.0,0.0
2020-03-04,0.021,0.5489999999999999,15.8,0.028999999999999998,42.1,0.016,0.0,0.0
2020-03-05,0.028999999999999998,0.54,22.1,0.033,44.5,0.027999999999999997,0.0,0.0
2020-03-06,0.023,0.524,20.0,0.034,40.7,0.016,0.0,0.0
2020-03-07,0.006999999999999999,0.31,8.8,0.04,13.9,0.004,0.0,0.0
2020-03-08,0.012,0.395,6.5,0.033,8.5,0.005,0.0,0.0
2020-03-09,0.025,0.41700000000000004,8.6,0.031,22.9,0.035,0.0,0.0
2020-03-10,0.013000000000000001,0.317,5.6,0.026000000000000002,10.4,0.003,0.0,0.0
2020-03-11,0.015,0.371,6.3,0.028999999999999998,14.3,0.013999999999999999,1.0,0.0
2020-03-12,0.035,0.598,10.3,0.022000000000000002,17.1,0.046,0.0,0.14285714285714285
2020-03-13,0.023,0.39799999999999996,8.5,0.035,10.0,0.023,0.0,0.14285714285714285
2020-03-14,0.013000000000000001,0.368,7.3,0.039,12.3,0.005,0.0,0.14285714285714285
2020-03-15,0.011000000000000001,0.33799999999999997,7.5,0.039,11.3,0.005,0.0,0.14285714285714285
2020-03-16,0.017,0.369,8.8,0.034,20.5,0.009000000000000001,0.0,0.14285714285714285
2020-03-17,0.034,0.47100000000000003,9.2,0.039,12.0,0.046,0.0,0.14285714285714285
2020-03-18,0.028999999999999998,0.491,11.1,0.035,17.7,0.051,0.0,0.14285714285714285
2020-03-19,0.02,0.424,7.3,0.039,14.7,0.015,1.0,0.0
2020-03-20,0.013000000000000001,0.374,6.1,0.035,13.7,0.005,0.0,0.14285714285714285
2020-03-21,0.013999999999999999,0.40299999999999997,7.7,0.038,11.5,0.008,2.0,0.14285714285714285
2020-03-22,0.009000000000000001,0.355,7.8,0.034,10.5,0.006,1.0,0.42857142857142855
2020-03-23,0.025,0.324,5.3,0.039,9.9,0.024,3.0,0.5714285714285714
2020-03-24,0.02,0.374,6.5,0.038,14.7,0.021,2.0,1.0
2020-03-25,0.022000000000000002,0.312,5.7,0.04,11.5,0.022000000000000002,3.0,1.2857142857142858
2020-03-26,0.021,0.364,6.0,0.042,12.7,0.025,8.0,1.7142857142857142
2020-03-27,0.022000000000000002,0.387,8.7,0.040999999999999995,18.6,0.03,5.0,2.7142857142857144
2020-03-28,0.012,0.38,10.2,0.04,20.5,0.005,6.0,3.4285714285714284
2020-03-29,0.01,0.38,11.4,0.042,23.4,0.002,5.0,4.0
2020-03-30,0.024,0.405,9.8,0.037000000000000005,21.5,0.026000000000000002,7.0,4.571428571428571
2020-03-31,0.032,0.509,12.7,0.04,25.8,0.038,10.0,5.142857142857143
2020-04-01,0.015,0.371,14.8,0.04,27.6,0.005,12.0,6.285714285714286
2020-04-02,0.008,0.313,12.1,0.045,26.2,0.002,14.0,7.571428571428571
2020-04-03,0.012,0.35200000000000004,13.2,0.047,27.0,0.005,13.0,8.428571428571429
2020-04-04,0.008,0.342,12.8,0.043,23.2,0.002,26.0,9.571428571428571
2020-04-05,0.004,0.284,7.8,0.037000000000000005,10.7,0.002,13.0,12.428571428571429
2020-04-06,0.02,0.313,5.4,0.04,2.1,0.02,15.0,13.571428571428571
2020-04-07,0.016,0.33,6.2,0.035,5.6,0.012,26.0,14.714285714285714
2020-04-08,0.025,0.344,6.3,0.039,7.1,0.022000000000000002,27.0,17.0
2020-04-09,0.011000000000000001,0.321,5.8,0.037000000000000005,5.2,0.002,25.0,19.142857142857142
2020-04-10,0.013999999999999999,0.32799999999999996,6.3,0.035,6.3,0.005,19.0,20.714285714285715
2020-04-11,0.011000000000000001,0.39399999999999996,9.7,0.037000000000000005,14.2,0.006,23.0,21.571428571428573
2020-04-12,0.006,0.293,10.0,0.039,13.0,0.001,33.0,21.142857142857142
2020-04-13,0.018000000000000002,0.327,7.5,0.036000000000000004,10.5,0.015,26.0,24.0
2020-04-14,0.033,0.466,11.3,0.036000000000000004,21.7,0.040999999999999995,40.0,25.571428571428573
2020-04-15,0.035,0.434,12.6,0.048,20.7,0.042,39.0,27.571428571428573
2020-04-16,0.015,0.402,13.3,0.049,26.2,0.006999999999999999,52.0,29.285714285714285
2020-04-17,0.008,0.3,9.1,0.04,16.5,0.003,44.0,33.142857142857146
2020-04-18,0.006999999999999999,0.308,9.1,0.039,13.0,0.005,76.0,36.714285714285715
2020-04-19,0.005,0.302,9.7,0.039,14.2,0.003,24.0,44.285714285714285
2020-04-20,0.021,0.317,10.5,0.037000000000000005,20.8,0.021,18.0,43.0
2020-04-21,0.019,0.34299999999999997,11.6,0.04,27.5,0.013000000000000001,47.0,41.857142857142854
2020-04-22,0.03,0.429,13.3,0.047,27.6,0.03,66.0,42.857142857142854
2020-04-23,0.022000000000000002,0.423,19.0,0.055999999999999994,40.5,0.006999999999999999,66.0,46.714285714285715
2020-04-24,0.032,0.45,14.9,0.055999999999999994,33.1,0.025,52.0,48.714285714285715
2020-04-25,0.016,0.43,15.0,0.062,32.0,0.004,46.0,49.857142857142854
2020-04-26,0.015,0.406,16.8,0.062,29.8,0.003,20.0,45.57142857142857
2020-04-27,0.016,0.359,17.6,0.047,33.3,0.005,32.0,45.0
2020-04-28,0.018000000000000002,0.397,18.8,0.054000000000000006,36.1,0.006999999999999999,56.0,47.0
2020-04-29,0.017,0.368,20.5,0.048,36.8,0.009000000000000001,61.0,48.285714285714285
2020-04-30,0.02,0.381,21.0,0.045,39.1,0.013000000000000001,54.0,47.57142857142857
2020-05-01,0.013000000000000001,0.34700000000000003,18.1,0.057,33.4,0.008,55.0,45.857142857142854
2020-05-02,0.009000000000000001,0.35,15.0,0.044000000000000004,29.8,0.004,38.0,46.285714285714285
2020-05-03,0.008,0.348,13.3,0.036000000000000004,26.2,0.003,19.0,45.142857142857146
2020-05-04,0.022000000000000002,0.366,15.4,0.049,37.6,0.012,29.0,45.0
2020-05-05,0.03,0.44799999999999995,15.1,0.059000000000000004,37.3,0.019,55.0,44.57142857142857
2020-05-06,0.034,0.483,15.8,0.081,37.6,0.019,54.0,44.42857142857143
2020-05-07,0.023,0.5489999999999999,16.7,0.078,40.4,0.006999999999999999,51.0,43.42857142857143
2020-05-08,0.02,0.498,22.3,0.062,45.8,0.006,50.0,43.0
2020-05-09,0.01,0.445,22.4,0.059000000000000004,40.2,0.002,45.0,42.285714285714285
2020-05-10,0.006999999999999999,0.429,19.3,0.055,31.2,0.004,16.0,43.285714285714285
2020-05-11,0.024,0.402,14.5,0.05,24.7,0.02,39.0,42.857142857142854
2020-05-12,0.015,0.40299999999999997,9.2,0.036000000000000004,16.1,0.011000000000000001,47.0,44.285714285714285
2020-05-13,0.018000000000000002,0.282,8.2,0.043,22.1,0.011000000000000001,46.0,43.142857142857146
2020-05-14,0.015,0.258,10.7,0.037000000000000005,29.9,0.011000000000000001,48.0,42.0
2020-05-15,0.011000000000000001,0.253,12.4,0.043,31.0,0.006,41.0,41.57142857142857
2020-05-16,0.013000000000000001,0.32,15.8,0.05,31.8,0.006,41.0,40.285714285714285
2020-05-17,0.006999999999999999,0.247,13.6,0.045,24.9,0.002,28.0,39.714285714285715
2020-05-18,0.016,0.187,8.0,0.032,11.0,0.022000000000000002,21.0,41.42857142857143
2020-05-19,0.02,0.215,7.6,0.039,18.8,0.021,84.0,38.857142857142854
2020-05-20,0.021,0.25,9.5,0.045,21.8,0.018000000000000002,50.0,44.142857142857146
2020-05-21,0.027999999999999997,0.345,12.3,0.049,28.3,0.026000000000000002,45.0,44.714285714285715
2020-05-22,0.01,0.242,19.6,0.05,31.3,0.003,30.0,44.285714285714285
2020-05-23,0.005,0.215,21.2,0.05,29.3,0.003,41.0,42.714285714285715
2020-05-24,0.009000000000000001,0.316,21.5,0.049,37.1,0.003,16.0,42.714285714285715
2020-05-25,0.011000000000000001,0.35200000000000004,23.2,0.048,36.8,0.005,8.0,41.0
2020-05-26,0.022000000000000002,0.40299999999999997,24.2,0.048,39.8,0.018000000000000002,29.0,39.142857142857146
2020-05-27,0.018000000000000002,0.344,19.1,0.054000000000000006,38.8,0.013999999999999999,56.0,31.285714285714285
2020-05-28,0.015,0.289,17.7,0.053,32.4,0.016,40.0,32.142857142857146
2020-05-29,0.01,0.23600000000000002,13.4,0.044000000000000004,17.7,0.006999999999999999,53.0,31.428571428571427
2020-05-30,0.008,0.233,8.1,0.032,13.0,0.009000000000000001,45.0,34.714285714285715
2020-05-31,0.008,0.23800000000000002,11.2,0.037000000000000005,18.1,0.005,23.0,35.285714285714285
2020-06-01,0.023,0.307,12.3,0.04,36.4,0.027000000000000003,24.0,36.285714285714285
2020-06-02,0.019,0.302,15.5,0.045,35.3,0.013000000000000001,62.0,38.57142857142857
2020-06-03,0.023,0.32899999999999996,16.7,0.05,33.0,0.021,41.0,43.285714285714285
2020-06-04,0.01,0.22899999999999998,17.3,0.057,32.3,0.002,43.0,41.142857142857146
2020-06-05,0.006,0.193,11.9,0.034,17.7,0.004,35.0,41.57142857142857
2020-06-06,0.006999999999999999,0.19,9.3,0.034,19.0,0.006999999999999999,57.0,39.0
2020-06-07,0.006999999999999999,0.20600000000000002,10.8,0.04,30.6,0.003,22.0,40.714285714285715
2020-06-08,0.024,0.307,8.8,0.046,26.5,0.02,10.0,40.57142857142857
2020-06-09,0.04,0.365,9.7,0.049,19.5,0.043,54.0,38.57142857142857
2020-06-10,0.036000000000000004,0.475,15.3,0.061,32.7,0.028999999999999998,58.0,37.42857142857143
2020-06-11,0.02,0.391,14.1,0.061,33.4,0.01,50.0,39.857142857142854
2020-06-12,0.01,0.252,14.1,0.051,27.3,0.006999999999999999,16.0,40.857142857142854
2020-06-13,0.009000000000000001,0.23600000000000002,12.3,0.04,26.1,0.004,60.0,38.142857142857146
2020-06-14,0.006999999999999999,0.228,12.5,0.047,27.6,0.003,13.0,38.57142857142857
2020-06-15,0.011000000000000001,0.248,13.8,0.042,31.2,0.008,19.0,37.285714285714285
2020-06-16,0.011000000000000001,0.215,14.5,0.04,29.0,0.009000000000000001,35.0,38.57142857142857
2020-06-17,0.008,0.201,13.9,0.048,25.7,0.002,32.0,35.857142857142854
2020-06-18,0.01,0.22899999999999998,13.1,0.047,25.8,0.006,34.0,32.142857142857146
2020-06-19,0.013000000000000001,0.22699999999999998,15.3,0.054000000000000006,30.1,0.011000000000000001,39.0,29.857142857142858
2020-06-20,0.012,0.244,15.6,0.057,27.6,0.01,46.0,33.142857142857146
2020-06-21,0.006,0.245,15.8,0.051,26.1,0.003,9.0,31.142857142857142
2020-06-22,0.013999999999999999,0.284,18.3,0.05,31.9,0.01,16.0,30.571428571428573
2020-06-23,0.016,0.301,19.7,0.048,36.8,0.013999999999999999,35.0,30.142857142857142
2020-06-24,0.022000000000000002,0.275,16.7,0.053,31.7,0.02,35.0,30.142857142857142
2020-06-25,0.013000000000000001,0.257,15.6,0.054000000000000006,28.9,0.011000000000000001,40.0,30.571428571428573
2020-06-26,0.022000000000000002,0.28,13.7,0.049,27.5,0.023,22.0,31.428571428571427
2020-06-27,0.01,0.245,14.0,0.053,22.6,0.005,16.0,29.0
2020-06-28,0.004,0.158,8.1,0.039,8.6,0.002,20.0,24.714285714285715
2020-06-29,0.013999999999999999,0.166,8.8,0.038,14.1,0.015,26.0,26.285714285714285
2020-06-30,0.025,0.218,12.3,0.044000000000000004,26.8,0.03,42.0,27.714285714285715
2020-07-01,0.011000000000000001,0.20199999999999999,15.3,0.05,29.5,0.009000000000000001,32.0,28.714285714285715
2020-07-02,0.011000000000000001,0.248,14.3,0.049,26.4,0.01,52.0,28.285714285714285
2020-07-03,0.02,0.32799999999999996,13.2,0.05,28.4,0.019,0.0,30.0
2020-07-04,0.013000000000000001,0.33399999999999996,59.9,0.043,80.9,0.005,0.0,26.857142857142858
2020-07-05,0.013000000000000001,0.387,145.4,0.053,146.9,0.004,30.0,24.571428571428573
2020-07-06,0.018000000000000002,0.406,20.7,0.054000000000000006,41.0,0.009000000000000001,50.0,26.0
2020-07-07,0.016,0.304,20.5,0.052000000000000005,41.0,0.011000000000000001,45.0,29.428571428571427
2020-07-08,0.013999999999999999,0.28,20.3,0.054000000000000006,39.0,0.009000000000000001,61.0,29.857142857142858
2020-07-09,0.018000000000000002,0.289,19.4,0.055,43.1,0.013000000000000001,48.0,34.0
2020-07-10,0.023,0.374,20.7,0.057999999999999996,42.7,0.013999999999999999,53.0,33.42857142857143
2020-07-11,0.018000000000000002,0.39399999999999996,15.9,0.059000000000000004,29.2,0.01,51.0,41.0
2020-07-12,0.011000000000000001,0.306,16.3,0.055,27.4,0.005,14.0,48.285714285714285
2020-07-13,0.013000000000000001,0.306,20.9,0.05,38.3,0.008,15.0,46.0
2020-07-14,0.015,0.233,17.8,0.047,37.9,0.013000000000000001,73.0,41.0
2020-07-15,0.015,0.258,15.2,0.044000000000000004,29.3,0.013999999999999999,44.0,45.0
2020-07-16,0.022000000000000002,0.278,13.9,0.043,32.8,0.022000000000000002,48.0,42.57142857142857
2020-07-17,0.022000000000000002,0.285,12.2,0.042,28.1,0.023,59.0,42.57142857142857
2020-07-18,0.011000000000000001,0.3,10.2,0.042,22.8,0.011000000000000001,36.0,43.42857142857143
2020-07-19,0.009000000000000001,0.29600000000000004,11.4,0.042,17.7,0.006,12.0,41.285714285714285
2020-07-20,0.015,0.29,12.9,0.046,28.5,0.016,9.0,41.0
2020-07-21,0.019,0.284,16.1,0.049,36.1,0.02,50.0,40.142857142857146
2020-07-22,0.017,0.267,13.5,0.052000000000000005,30.8,0.017,60.0,36.857142857142854
2020-07-23,0.011000000000000001,0.25,15.2,0.040999999999999995,25.9,0.01,48.0,39.142857142857146
2020-07-24,0.013999999999999999,0.268,14.9,0.045,24.7,0.012,37.0,39.142857142857146
2020-07-25,0.011000000000000001,0.293,15.3,0.047,25.7,0.006999999999999999,51.0,36.0
2020-07-26,0.013000000000000001,0.341,14.1,0.045,26.4,0.006,9.0,38.142857142857146
2020-07-27,0.025,0.322,15.1,0.039,34.3,0.031,15.0,37.714285714285715
2020-07-28,0.023,0.34299999999999997,15.1,0.047,36.5,0.022000000000000002,52.0,38.57142857142857
2020-07-29,0.028999999999999998,0.353,16.7,0.051,39.5,0.034,91.0,38.857142857142854
2020-07-30,0.026000000000000002,0.39299999999999996,16.8,0.05,40.0,0.033,41.0,43.285714285714285
2020-07-31,0.028999999999999998,0.584,17.4,0.052000000000000005,42.0,0.038,65.0,42.285714285714285
2020-08-01,0.021,0.44799999999999995,21.3,0.057999999999999996,39.4,0.009000000000000001,45.0,46.285714285714285
2020-08-02,0.015,0.305,21.0,0.054000000000000006,31.5,0.003,24.0,45.42857142857143
2020-08-03,0.016,0.315,21.7,0.057999999999999996,39.9,0.008,9.0,47.57142857142857
2020-08-04,0.013999999999999999,0.292,19.8,0.046,41.9,0.009000000000000001,58.0,46.714285714285715
2020-08-05,0.017,0.23800000000000002,17.1,0.046,34.8,0.013000000000000001,68.0,47.57142857142857
2020-08-06,0.015,0.235,14.9,0.045,28.7,0.011000000000000001,41.0,44.285714285714285
2020-08-07,0.016,0.281,15.4,0.044000000000000004,31.3,0.013999999999999999,50.0,44.285714285714285
2020-08-08,0.017,0.363,17.3,0.042,35.3,0.011000000000000001,48.0,42.142857142857146
2020-08-09,0.012,0.302,15.2,0.039,27.2,0.006999999999999999,10.0,42.57142857142857
2020-08-10,0.024,0.337,14.1,0.035,29.8,0.03,21.0,40.57142857142857
2020-08-11,0.027000000000000003,0.364,12.1,0.038,31.4,0.035,60.0,42.285714285714285
2020-08-12,0.03,0.48700000000000004,13.3,0.047,29.6,0.039,54.0,42.57142857142857
2020-08-13,0.035,0.43200000000000005,17.8,0.042,40.1,0.046,60.0,40.57142857142857
2020-08-14,0.025,0.562,39.6,0.052000000000000005,70.7,0.021,43.0,43.285714285714285
2020-08-15,0.021,0.5870000000000001,27.3,0.061,42.8,0.01,31.0,42.285714285714285
2020-08-16,0.01,0.38299999999999995,48.7,0.042,29.4,0.001,8.0,39.857142857142854
2020-08-17,0.024,0.485,32.1,0.052000000000000005,44.6,0.024,19.0,39.57142857142857
2020-08-18,0.032,0.523,36.0,0.057999999999999996,49.9,0.024,67.0,39.285714285714285
2020-08-19,0.024,0.512,34.1,0.064,45.8,0.022000000000000002,56.0,40.285714285714285
2020-08-20,0.019,0.45799999999999996,59.3,0.065,44.6,0.015,51.0,40.57142857142857
2020-08-21,0.018000000000000002,0.508,74.8,0.069,45.2,0.02,45.0,39.285714285714285
2020-08-22,0.012,0.45799999999999996,27.0,0.062,41.6,0.006,45.0,39.57142857142857
2020-08-23,0.006999999999999999,0.39,26.0,0.043,34.9,0.004,8.0,41.57142857142857
2020-08-24,0.018000000000000002,0.326,18.1,0.043,33.7,0.027000000000000003,15.0,41.57142857142857
2020-08-25,0.021,0.46299999999999997,16.4,0.04,27.9,0.027999999999999997,50.0,41.0
2020-08-26,0.026000000000000002,0.509,14.5,0.038,28.7,0.037000000000000005,54.0,38.57142857142857
2020-08-27,0.027999999999999997,0.516,20.3,0.046,40.1,0.027000000000000003,37.0,38.285714285714285
2020-08-28,0.023,0.44,17.4,0.042,37.7,0.027999999999999997,34.0,36.285714285714285
2020-08-29,0.015,0.336,13.8,0.047,27.8,0.01,28.0,34.714285714285715
2020-08-30,0.01,0.28800000000000003,14.1,0.053,23.3,0.005,6.0,32.285714285714285
2020-08-31,0.022000000000000002,0.289,14.1,0.049,29.8,0.018000000000000002,15.0,32.0
2020-09-01,0.023,0.284,14.9,0.048,27.7,0.019,46.0,32.0
2020-09-02,0.028999999999999998,0.365,14.1,0.048,31.0,0.03,58.0,31.428571428571427
2020-09-03,0.024,0.503,22.8,0.055,43.5,0.015,46.0,32.0
2020-09-04,0.028999999999999998,0.708,25.9,0.067,52.6,0.016,47.0,33.285714285714285
2020-09-05,0.031,0.878,27.8,0.079,51.3,0.016,19.0,35.142857142857146
2020-09-06,0.02,0.738,24.9,0.07200000000000001,37.5,0.009000000000000001,5.0,33.857142857142854
2020-09-07,0.013999999999999999,0.509,74.0,0.048,39.7,0.003,25.0,33.714285714285715
2020-09-08,0.013000000000000001,0.319,45.9,0.048,39.3,0.002,6.0,35.142857142857146
2020-09-09,0.033,0.598,31.2,0.034,106.2,0.046,54.0,29.428571428571427
2020-09-10,0.037000000000000005,1.1059999999999999,69.1,0.022000000000000002,116.9,0.065,41.0,28.857142857142858
2020-09-11,0.042,1.2229999999999999,148.2,0.038,227.3,0.065,46.0,28.142857142857142
2020-09-12,0.033,1.187,110.2,0.039,132.0,0.044000000000000004,21.0,28.0
2020-09-13,0.025,1.137,82.6,0.048,85.3,0.011000000000000001,10.0,28.285714285714285
2020-09-14,0.038,1.048,71.4,0.057999999999999996,96.4,0.023,24.0,29.0
2020-09-15,0.05,1.037,74.1,0.055999999999999994,93.6,0.057,42.0,28.857142857142858
2020-09-16,0.053,0.899,71.3,0.057999999999999996,84.6,0.067,31.0,34.0
2020-09-17,0.040999999999999995,0.7509999999999999,31.2,0.051,52.1,0.047,19.0,30.714285714285715
2020-09-18,0.034,0.7759999999999999,27.9,0.052000000000000005,58.8,0.036000000000000004,6.0,27.571428571428573
2020-09-19,0.023,0.693,35.3,0.05,40.8,0.011000000000000001,1.0,21.857142857142858
2020-09-20,0.015,0.536,26.6,0.046,36.2,0.003,22.0,19.0
2020-09-21,0.017,0.452,23.0,0.042,37.8,0.012,14.0,20.714285714285715
2020-09-22,0.03,0.485,21.2,0.043,38.7,0.024,34.0,19.285714285714285
2020-09-23,0.035,0.636,24.5,0.047,37.1,0.032,24.0,18.142857142857142
2020-09-24,0.028999999999999998,0.648,32.8,0.048,40.0,0.017,33.0,17.142857142857142
2020-09-25,0.022000000000000002,0.5539999999999999,22.7,0.046,39.0,0.012,32.0,19.142857142857142
2020-09-26,0.013999999999999999,0.439,25.0,0.05,37.7,0.005,14.0,22.857142857142858
2020-09-27,0.011000000000000001,0.39399999999999996,21.8,0.052000000000000005,34.4,0.002,10.0,24.714285714285715
2020-09-28,0.032,0.499,27.2,0.05,40.6,0.03,1.0,23.0
2020-09-29,0.036000000000000004,0.601,18.2,0.053,37.4,0.033,38.0,21.142857142857142
2020-09-30,0.049,0.831,18.8,0.057999999999999996,45.5,0.075,24.0,21.714285714285715
2020-10-01,0.037000000000000005,0.8140000000000001,28.7,0.055,54.4,0.03,35.0,21.714285714285715
2020-10-02,0.034,0.77,29.9,0.063,53.3,0.015,13.0,22.0
2020-10-03,0.028999999999999998,0.747,39.8,0.071,52.3,0.01,16.0,19.285714285714285
2020-10-04,0.025,0.8490000000000001,46.1,0.07400000000000001,59.6,0.005,5.0,19.571428571428573
2020-10-05,0.043,0.937,43.9,0.064,68.0,0.031,9.0,18.857142857142858
2020-10-06,0.040999999999999995,0.8440000000000001,36.4,0.06,59.7,0.051,29.0,20.0
2020-10-07,0.027999999999999997,0.66,32.6,0.049,55.7,0.024,25.0,18.714285714285715
2020-10-08,0.02,0.35,28.1,0.049,43.0,0.016,18.0,18.857142857142858
2020-10-09,0.024,0.341,24.4,0.047,40.6,0.022000000000000002,14.0,16.428571428571427
2020-10-10,0.01,0.34299999999999997,20.3,0.049,33.1,0.005,28.0,16.571428571428573
2020-10-11,0.015,0.414,17.0,0.042,29.9,0.006999999999999999,2.0,18.285714285714285
2020-10-12,0.039,0.6559999999999999,17.8,0.05,36.0,0.05,2.0,17.857142857142858
2020-10-13,0.048,0.818,20.8,0.054000000000000006,39.7,0.063,20.0,16.857142857142858
2020-10-14,0.04,1.023,22.4,0.06,47.0,0.049,19.0,15.571428571428571
2020-10-15,0.057,0.769,22.9,0.059000000000000004,48.8,0.054000000000000006,22.0,14.714285714285714
2020-10-16,0.041,0.7105,21.4,0.05,50.9,0.034,22.0,15.285714285714286
2020-10-17,0.025,0.652,19.1,0.047,41.2,0.013999999999999999,7.0,16.428571428571427
2020-10-18,0.018000000000000002,0.537,24.9,0.048,40.8,0.006,13.0,13.428571428571429
